0.000000000000000e+000	-1.292470e-026
5.539999896037835e-006	-4.197643e-019
1.107999979207567e-005	-4.208309e-019
1.661999968811350e-005	-3.199620e-021
2.215999958415134e-005	8.331294e-019
2.769999948018918e-005	2.088156e-018
3.323999937622701e-005	3.761881e-018
3.877999927226483e-005	5.854303e-018
4.339999918556714e-005	8.485689e-018
4.801999909886945e-005	1.267698e-017
5.263999901217176e-005	1.842818e-017
5.725999892547407e-005	2.573929e-017
6.187999883877637e-005	3.461031e-017
6.649999875207870e-005	4.504124e-017
7.111999866538099e-005	5.703207e-017
7.615999857080169e-005	7.261060e-017
8.119999847622239e-005	9.187108e-017
8.623999838164309e-005	1.148135e-016
9.127999828706379e-005	1.414379e-016
9.631999819248449e-005	1.717443e-016
1.013599980979052e-004	2.057326e-016
1.063999980033259e-004	2.434029e-016
1.130599978783461e-004	2.999129e-016
1.197199977533663e-004	3.662878e-016
1.263799976283865e-004	4.425275e-016
1.330399975034068e-004	5.286320e-016
1.396999973784270e-004	6.246012e-016
1.463599972534472e-004	7.304353e-016
1.530199971284674e-004	8.461341e-016
1.653999968961476e-004	1.090763e-015
1.777799966638278e-004	1.380578e-015
1.901599964315080e-004	1.715578e-015
2.025399961991882e-004	2.095765e-015
2.149199959668684e-004	2.521137e-015
2.272999957345487e-004	2.991695e-015
2.396799955022289e-004	3.507438e-015
2.526999952578990e-004	4.105782e-015
2.657199950135691e-004	4.754423e-015
2.787399947692393e-004	5.453362e-015
2.917599945249094e-004	6.202598e-015
3.047799942805796e-004	7.002132e-015
3.177999940362497e-004	7.851964e-015
3.308199937919198e-004	8.752093e-015
3.309319937898180e-004	8.760015e-015
3.538335944766414e-004	1.047653e-014
3.767351951634648e-004	1.229766e-014
3.996367958502882e-004	1.422339e-014
4.225383965371116e-004	1.625374e-014
4.454399972239350e-004	1.838869e-014
4.683415979107584e-004	2.062825e-014
4.912431985975818e-004	2.297241e-014
5.275927220623476e-004	2.684612e-014
5.639422455271135e-004	3.076968e-014
6.002917689918794e-004	3.474309e-014
6.366412924566452e-004	3.876636e-014
6.729908159214111e-004	4.283949e-014
7.093403393861770e-004	4.696247e-014
7.456898628509427e-004	5.113531e-014
8.267470119430247e-004	6.016442e-014
9.078041610351066e-004	6.888768e-014
9.888613101271886e-004	7.730511e-014
1.069918459219271e-003	8.541669e-014
1.150975608311353e-003	9.322243e-014
1.232032757403434e-003	1.007223e-013
1.313089906495516e-003	1.079164e-013
1.358245838365332e-003	1.118316e-013
1.403401770235147e-003	1.157136e-013
1.448557702104962e-003	1.195623e-013
1.493713633974778e-003	1.233777e-013
1.538869565844593e-003	1.271598e-013
1.584025497714408e-003	1.309086e-013
1.629181429584224e-003	1.346242e-013
1.683673859348535e-003	1.391199e-013
1.746773895775951e-003	1.442737e-013
1.809873932203366e-003	1.495119e-013
1.872973968630781e-003	1.548344e-013
1.936074005058196e-003	1.602414e-013
1.999174041485612e-003	1.657328e-013
2.062274077913027e-003	1.713086e-013
2.125374114340442e-003	1.769688e-013
2.147214098833115e-003	1.789837e-013
2.169054083325788e-003	1.810240e-013
2.190894067818461e-003	1.830895e-013
2.212734052311134e-003	1.851802e-013
2.234574036803807e-003	1.872963e-013
2.256414021296480e-003	1.894376e-013
2.278254005789153e-003	1.916042e-013
2.278635337242127e-003	1.916423e-013
2.345550586623283e-003	1.983241e-013
2.412465836004440e-003	2.054902e-013
2.479381085385596e-003	2.131407e-013
2.546296334766753e-003	2.212756e-013
2.613211584147909e-003	2.298949e-013
2.680126833529065e-003	2.389985e-013
2.747042082910222e-003	2.485865e-013
2.747556208343749e-003	2.486644e-013
2.818761984632659e-003	2.594399e-013
2.889967760921569e-003	2.717322e-013
2.961173537210479e-003	2.855415e-013
3.032379313499388e-003	3.008676e-013
3.103585089788298e-003	3.177107e-013
3.174790866077208e-003	3.360706e-013
3.245996642366118e-003	3.559474e-013
3.278855290489028e-003	3.661690e-013
3.311713938611938e-003	3.771560e-013
3.344572586734848e-003	3.889083e-013
3.377431234857758e-003	4.014261e-013
3.410289882980669e-003	4.147091e-013
3.443148531103579e-003	4.287576e-013
3.476007179226489e-003	4.435714e-013
3.476179529344222e-003	4.436524e-013
3.521927118325840e-003	4.651836e-013
3.567674707307458e-003	4.898758e-013
3.613422296289076e-003	5.177289e-013
3.659169885270693e-003	5.487431e-013
3.704917474252311e-003	5.829184e-013
3.750665063233929e-003	6.202546e-013
3.796412652215546e-003	6.607519e-013
3.809761803953659e-003	6.737406e-013
3.823110955691772e-003	6.872261e-013
3.836460107429884e-003	7.012083e-013
3.849809259167997e-003	7.156871e-013
3.863158410906110e-003	7.306628e-013
3.876507562644222e-003	7.461351e-013
3.889856714382335e-003	7.621041e-013
3.890552760107612e-003	7.629559e-013
3.925196224958389e-003	8.058781e-013
3.959839689809167e-003	8.548248e-013
3.994483154659945e-003	9.097960e-013
4.029126619510721e-003	9.707917e-013
4.063770084361499e-003	1.037812e-012
4.098413549212277e-003	1.110856e-012
4.133057014063054e-003	1.189926e-012
4.161544556813057e-003	1.261120e-012
4.190032099563059e-003	1.342227e-012
4.218519642313062e-003	1.433248e-012
4.247007185063064e-003	1.534182e-012
4.275494727813067e-003	1.645029e-012
4.303982270563069e-003	1.765790e-012
4.332469813313072e-003	1.896463e-012
4.356827196529047e-003	2.018103e-012
4.381184579745024e-003	2.156206e-012
4.405541962960999e-003	2.310774e-012
4.429899346176975e-003	2.481805e-012
4.454256729392951e-003	2.669300e-012
4.478614112608927e-003	2.873259e-012
4.502971495824903e-003	3.093682e-012
4.520207352621423e-003	3.264294e-012
4.537443209417943e-003	3.450575e-012
4.554679066214464e-003	3.652527e-012
4.571914923010984e-003	3.870148e-012
4.589150779807505e-003	4.103440e-012
4.606386636604025e-003	4.352401e-012
4.623622493400546e-003	4.617032e-012
4.624532865737418e-003	4.631691e-012
4.655544320791002e-003	5.169194e-012
4.686555775844585e-003	5.778191e-012
4.717567230898168e-003	6.458684e-012
4.748578685951753e-003	7.210671e-012
4.779590141005336e-003	8.034153e-012
4.810601596058920e-003	8.929129e-012
4.841613051112503e-003	9.895600e-012
4.856509332194779e-003	1.037982e-011
4.871405613277055e-003	1.083767e-011
4.886301894359331e-003	1.126914e-011
4.901198175441607e-003	1.167424e-011
4.916094456523883e-003	1.205296e-011
4.930990737606159e-003	1.240530e-011
4.945887018688435e-003	1.273127e-011
4.956811132145989e-003	1.292411e-011
4.967735245603542e-003	1.306753e-011
4.978659359061096e-003	1.316153e-011
4.989583472518649e-003	1.320612e-011
5.000507585976203e-003	1.320128e-011
5.011431699433756e-003	1.314703e-011
5.022355812891310e-003	1.304337e-011
5.028488333134528e-003	1.295381e-011
5.034620853377745e-003	1.284495e-011
5.040753373620963e-003	1.271677e-011
5.046885893864182e-003	1.256928e-011
5.053018414107400e-003	1.240247e-011
5.059150934350617e-003	1.221635e-011
5.065283454593835e-003	1.201092e-011
5.065975520919320e-003	1.198660e-011
5.078144603553845e-003	1.150432e-011
5.090313686188369e-003	1.096850e-011
5.102482768822894e-003	1.037914e-011
5.114651851457418e-003	9.736245e-012
5.126820934091943e-003	9.039814e-012
5.138990016726467e-003	8.289846e-012
5.151159099360991e-003	7.486341e-012
5.160176598615333e-003	6.880890e-012
5.169194097869674e-003	6.272981e-012
5.178211597124015e-003	5.662615e-012
5.187229096378357e-003	5.049791e-012
5.196246595632698e-003	4.434510e-012
5.205264094887040e-003	3.816772e-012
5.214281594141381e-003	3.196576e-012
5.220730148828782e-003	2.761734e-012
5.227178703516184e-003	2.333346e-012
5.233627258203586e-003	1.911410e-012
5.240075812890988e-003	1.495927e-012
5.246524367578389e-003	1.086896e-012
5.252972922265791e-003	6.843186e-013
5.259421476953192e-003	2.881936e-013
5.260132092187645e-003	2.452387e-013
5.260842707422099e-003	2.023881e-013
5.261553322656553e-003	1.596420e-013
5.262263937891007e-003	1.170002e-013
5.262974553125461e-003	7.446274e-014
5.263685168359914e-003	3.202969e-014
5.264395783594368e-003	-1.029899e-014
5.270132365625633e-003	-3.484876e-013
5.275868947656898e-003	-6.789615e-013
5.281605529688163e-003	-1.001721e-012
5.287342111719428e-003	-1.316765e-012
5.293078693750693e-003	-1.624094e-012
5.298815275781957e-003	-1.923709e-012
5.304551857813223e-003	-2.215609e-012
5.323027441725151e-003	-3.092126e-012
5.341503025637080e-003	-3.888357e-012
5.359978609549009e-003	-4.604302e-012
5.378454193460937e-003	-5.239960e-012
5.396929777372866e-003	-5.795332e-012
5.415405361284795e-003	-6.270418e-012
5.433880945196723e-003	-6.665217e-012
5.440431335992908e-003	-6.791784e-012
5.446981726789093e-003	-6.910947e-012
5.453532117585277e-003	-7.022706e-012
5.460082508381463e-003	-7.127061e-012
5.466632899177647e-003	-7.224012e-012
5.473183289973832e-003	-7.313559e-012
5.479733680770016e-003	-7.395703e-012
5.479968672976985e-003	-7.398549e-012
5.495404787997869e-003	-7.560827e-012
5.510840903018752e-003	-7.696332e-012
5.526277018039636e-003	-7.805063e-012
5.541713133060520e-003	-7.887022e-012
5.557149248081404e-003	-7.942208e-012
5.572585363102288e-003	-7.970621e-012
5.588021478123172e-003	-7.972261e-012
5.614246572870713e-003	-7.929695e-012
5.640471667618254e-003	-7.864277e-012
5.666696762365796e-003	-7.776007e-012
5.692921857113338e-003	-7.664884e-012
5.719146951860880e-003	-7.530909e-012
5.745372046608421e-003	-7.374081e-012
5.771597141355962e-003	-7.194400e-012
5.808024014344476e-003	-6.949439e-012
5.844450887332989e-003	-6.716952e-012
5.880877760321503e-003	-6.496939e-012
5.917304633310017e-003	-6.289402e-012
5.953731506298531e-003	-6.094339e-012
5.990158379287044e-003	-5.911751e-012
6.026585252275558e-003	-5.741637e-012
6.042635815290764e-003	-5.678979e-012
6.080407155246713e-003	-5.545721e-012
6.118178495202661e-003	-5.452639e-012
6.155949835158610e-003	-5.399732e-012
6.193721175114558e-003	-5.387002e-012
6.231492515070506e-003	-5.414447e-012
6.269263855026455e-003	-5.482068e-012
6.307035194982403e-003	-5.589865e-012
6.325222972398708e-003	-5.663333e-012
6.343410749815013e-003	-5.744030e-012
6.361598527231317e-003	-5.831954e-012
6.379786304647622e-003	-5.927106e-012
6.397974082063927e-003	-6.029486e-012
6.416161859480232e-003	-6.139093e-012
6.434349636896536e-003	-6.255928e-012
6.434663079097416e-003	-6.257890e-012
6.453589450963282e-003	-6.388284e-012
6.472515822829148e-003	-6.503743e-012
6.491442194695014e-003	-6.604270e-012
6.510368566560880e-003	-6.689863e-012
6.529294938426746e-003	-6.760523e-012
6.548221310292611e-003	-6.816250e-012
6.567147682158477e-003	-6.857044e-012
6.584951518527445e-003	-6.853170e-012
6.602755354896414e-003	-6.808589e-012
6.620559191265382e-003	-6.723301e-012
6.638363027634350e-003	-6.597306e-012
6.656166864003318e-003	-6.430604e-012
6.673970700372287e-003	-6.223195e-012
6.691774536741255e-003	-5.975079e-012
6.706269661723579e-003	-5.735983e-012
6.720764786705902e-003	-5.487423e-012
6.735259911688226e-003	-5.229400e-012
6.749755036670551e-003	-4.961914e-012
6.764250161652875e-003	-4.684965e-012
6.778745286635198e-003	-4.398552e-012
6.793240411617522e-003	-4.102677e-012
6.800881478987029e-003	-3.952863e-012
6.808522546356535e-003	-3.805686e-012
6.816163613726041e-003	-3.661146e-012
6.823804681095548e-003	-3.519243e-012
6.831445748465055e-003	-3.379976e-012
6.839086815834561e-003	-3.243347e-012
6.846727883204068e-003	-3.109353e-012
6.847602883204068e-003	-3.094329e-012
6.867822469342461e-003	-2.762803e-012
6.888042055480853e-003	-2.457718e-012
6.908261641619245e-003	-2.179074e-012
6.928481227757639e-003	-1.926872e-012
6.948700813896031e-003	-1.701112e-012
6.968920400034423e-003	-1.501794e-012
6.989139986172815e-003	-1.328917e-012
7.003758875870425e-003	-1.215680e-012
7.018377765568034e-003	-1.110379e-012
7.032996655265644e-003	-1.013015e-012
7.047615544963253e-003	-9.235883e-013
7.062234434660862e-003	-8.420980e-013
7.076853324358472e-003	-7.685445e-013
7.091472214056081e-003	-7.029277e-013
7.105627717554661e-003	-6.439545e-013
7.119783221053243e-003	-5.889514e-013
7.133938724551823e-003	-5.379185e-013
7.148094228050404e-003	-4.908557e-013
7.162249731548985e-003	-4.477631e-013
7.176405235047566e-003	-4.086407e-013
7.190560738546147e-003	-3.734884e-013
7.204622357054462e-003	-3.409132e-013
7.218683975562779e-003	-3.104394e-013
7.232745594071095e-003	-2.820667e-013
7.246807212579412e-003	-2.557953e-013
7.260868831087728e-003	-2.316252e-013
7.274930449596044e-003	-2.095563e-013
7.288992068104360e-003	-1.895887e-013
7.300935281688967e-003	-1.735730e-013
7.312878495273574e-003	-1.584294e-013
7.324821708858181e-003	-1.441581e-013
7.336764922442788e-003	-1.307590e-013
7.348708136027395e-003	-1.182320e-013
7.360651349612002e-003	-1.065773e-013
7.372594563196609e-003	-9.579472e-014
7.386572632828760e-003	-8.374865e-014
7.406141930313772e-003	-6.836246e-014
7.422915613872354e-003	-5.654664e-014
7.445280525283795e-003	-4.228078e-014
7.472624275283795e-003	-2.662707e-014
7.499968025283794e-003	-1.284923e-014
7.527311775283794e-003	-5.865371e-016
7.540056008204104e-003	4.674572e-015
7.542790383204104e-003	5.716211e-015
7.548259133204104e-003	7.760141e-015
7.559196633204104e-003	1.166784e-014
7.581071633204104e-003	1.893528e-014
7.608415383204103e-003	2.718816e-014
7.635759133204103e-003	3.455953e-014
7.663102883204103e-003	4.111989e-014
7.690446633204102e-003	4.698093e-014
7.725505226954105e-003	5.372360e-014
7.758317726954105e-003	5.907616e-014
7.785661476954105e-003	6.311743e-014
7.840348976954105e-003	7.016961e-014
7.876146968025534e-003	7.404695e-014
7.911944959096962e-003	7.763799e-014
7.947742950168391e-003	8.094271e-014
7.983540941239821e-003	8.396112e-014
8.019338932311250e-003	8.669322e-014
8.055136923382679e-003	8.913901e-014
8.090934914454107e-003	9.129849e-014
8.170022526061251e-003	9.560739e-014
8.249110137668393e-003	9.964544e-014
8.328197749275536e-003	1.034127e-013
8.407285360882680e-003	1.069090e-013
8.486372972489824e-003	1.101346e-013
8.565460584096966e-003	1.130892e-013
8.644548195704109e-003	1.157731e-013
8.864972302846970e-003	1.232323e-013
9.085396409989833e-003	1.302305e-013
9.305820517132694e-003	1.367676e-013
9.526244624275556e-003	1.428436e-013
9.746668731418417e-003	1.484586e-013
9.967092838561280e-003	1.536125e-013
1.018751694570414e-002	1.583054e-013
1.065626694570414e-002	1.662553e-013
1.103517319570415e-002	1.703607e-013
1.141407944570415e-002	1.728383e-013
1.179298569570416e-002	1.736881e-013
1.217189194570416e-002	1.729102e-013
1.255079819570417e-002	1.705045e-013
1.292970444570417e-002	1.664711e-013
1.330861069570418e-002	1.608099e-013
1.364566426713275e-002	1.549764e-013
1.398271783856132e-002	1.488281e-013
1.431977140998990e-002	1.423649e-013
1.465682498141847e-002	1.355869e-013
1.499387855284704e-002	1.284939e-013
1.533093212427561e-002	1.210862e-013
1.566798569570418e-002	1.133635e-013
1.619751999971396e-002	1.015406e-013
1.672705430372374e-002	9.012717e-014
1.725658860773351e-002	7.912330e-014
1.778612291174329e-002	6.852897e-014
1.831565721575306e-002	5.834418e-014
1.884519151976284e-002	4.856893e-014
1.937472582377262e-002	3.920322e-014
1.946407570609081e-002	3.770152e-014
1.955342558840901e-002	3.621256e-014
1.964277547072721e-002	3.473633e-014
1.973212535304541e-002	3.327285e-014
1.982147523536361e-002	3.182210e-014
1.991082511768181e-002	3.038410e-014
2.000017500000000e-002	2.895883e-014
2.000052500000000e-002	2.877548e-014
2.000122500000000e-002	2.810660e-014
2.000175000000000e-002	2.739404e-014
2.000217000000000e-002	2.649699e-014
2.000273000000000e-002	2.501866e-014
2.000350000000000e-002	2.267104e-014
2.000383600000000e-002	2.137845e-014
2.000428400000000e-002	1.944335e-014
2.000525000000001e-002	1.484539e-014
2.000567000000006e-002	1.245838e-014
2.000623000000013e-002	8.995813e-015
2.000700000000001e-002	3.922401e-015
2.000722071428572e-002	2.313287e-015
2.000751500000001e-002	1.043554e-016
2.000773571428572e-002	-1.589069e-015
2.000791228571429e-002	-3.000824e-015
2.000814771428572e-002	-4.932395e-015
2.000851851428572e-002	-8.050993e-015
2.000880102857143e-002	-1.054980e-014
2.000926599999999e-002	-1.479366e-014
2.000952631020408e-002	-1.731237e-014
2.000978662040816e-002	-1.985652e-014
2.001004693061225e-002	-2.242611e-014
2.001030724081633e-002	-2.502113e-014
2.001056755102042e-002	-2.764158e-014
2.001082786122450e-002	-3.028747e-014
2.001108817142859e-002	-3.295880e-014
2.001712898647039e-002	-9.366892e-014
2.002316980151219e-002	-1.534577e-013
2.002921061655400e-002	-2.123252e-013
2.003525143159580e-002	-2.702714e-013
2.004129224663761e-002	-3.272963e-013
2.004733306167941e-002	-3.833998e-013
2.005337387672121e-002	-4.385821e-013
2.005948273550727e-002	-4.938569e-013
2.006559159429334e-002	-5.466464e-013
2.007170045307940e-002	-5.969506e-013
2.007780931186547e-002	-6.447696e-013
2.008391817065153e-002	-6.901032e-013
2.009002702943760e-002	-7.329515e-013
2.009613588822366e-002	-7.733145e-013
2.009840924768973e-002	-7.873048e-013
2.010068260715580e-002	-8.002702e-013
2.010295596662188e-002	-8.122106e-013
2.010522932608795e-002	-8.231261e-013
2.010750268555402e-002	-8.330166e-013
2.010977604502009e-002	-8.418822e-013
2.011204940448616e-002	-8.497228e-013
2.011365448319223e-002	-8.492330e-013
2.011525956189829e-002	-8.461439e-013
2.011686464060436e-002	-8.404555e-013
2.011846971931042e-002	-8.321678e-013
2.012007479801648e-002	-8.212808e-013
2.012167987672255e-002	-8.077945e-013
2.012328495542861e-002	-7.917089e-013
2.013143092182810e-002	-7.131184e-013
2.013957688822759e-002	-6.259049e-013
2.014772285462708e-002	-5.300686e-013
2.015586882102657e-002	-4.256092e-013
2.016401478742606e-002	-3.125270e-013
2.017216075382555e-002	-1.908218e-013
2.018030672022504e-002	-6.049372e-014
2.018115200000538e-002	-4.653496e-014
2.018147195332095e-002	-4.122005e-014
2.018296506879360e-002	-1.626186e-014
2.018445818426626e-002	8.973026e-015
2.019166828959403e-002	1.347147e-013
2.019887839492180e-002	2.668221e-013
2.020608850024957e-002	4.052955e-013
2.021329860557735e-002	5.501347e-013
2.022050871090512e-002	7.013397e-013
2.022771881623289e-002	8.589106e-013
2.023492892156066e-002	1.022847e-012
2.023512140503355e-002	1.027312e-012
2.024602255491791e-002	1.285019e-012
2.025692370480227e-002	1.560800e-012
2.026782485468663e-002	1.854653e-012
2.027872600457098e-002	2.166581e-012
2.028962715445534e-002	2.496581e-012
2.030052830433970e-002	2.844656e-012
2.031142945422406e-002	3.210803e-012
2.032180850852201e-002	3.576535e-012
2.033218756281995e-002	3.973957e-012
2.034256661711790e-002	4.403069e-012
2.035294567141584e-002	4.863871e-012
2.036332472571379e-002	5.356362e-012
2.037370378001174e-002	5.880544e-012
2.038408283430968e-002	6.436415e-012
2.039156565306589e-002	6.865992e-012
2.039904847182210e-002	7.328262e-012
2.040653129057830e-002	7.823224e-012
2.041401410933451e-002	8.350879e-012
2.042149692809071e-002	8.911226e-012
2.042897974684692e-002	9.504265e-012
2.043646256560313e-002	1.013000e-011
2.044355181284072e-002	1.076130e-011
2.045064106007832e-002	1.144352e-011
2.045773030731592e-002	1.217664e-011
2.046481955455352e-002	1.296067e-011
2.047190880179111e-002	1.379561e-011
2.047899804902871e-002	1.468146e-011
2.048608729626631e-002	1.561821e-011
2.049533686619286e-002	1.694606e-011
2.050458643611941e-002	1.839643e-011
2.051383600604596e-002	1.996933e-011
2.052308557597251e-002	2.166475e-011
2.053233514589906e-002	2.348271e-011
2.054158471582561e-002	2.542319e-011
2.055083428575216e-002	2.748620e-011
2.055592642723176e-002	2.868041e-011
2.056101856871137e-002	2.987452e-011
2.056611071019097e-002	3.106850e-011
2.057120285167058e-002	3.226237e-011
2.057629499315019e-002	3.345613e-011
2.058138713462979e-002	3.464977e-011
2.058647927610940e-002	3.584330e-011
2.059087019433245e-002	3.684650e-011
2.059526111255551e-002	3.777662e-011
2.059965203077857e-002	3.863366e-011
2.060404294900163e-002	3.941763e-011
2.060843386722468e-002	4.012852e-011
2.061282478544774e-002	4.076633e-011
2.061721570367080e-002	4.133107e-011
2.062293590927559e-002	4.188235e-011
2.062865611488039e-002	4.216806e-011
2.063437632048519e-002	4.218822e-011
2.064009652608999e-002	4.194282e-011
2.064581673169479e-002	4.143187e-011
2.065153693729958e-002	4.065535e-011
2.065725714290438e-002	3.961328e-011
2.066518698856811e-002	3.770674e-011
2.066993113733197e-002	3.628801e-011
2.067467528609584e-002	3.478281e-011
2.067941943485969e-002	3.319115e-011
2.068416358362356e-002	3.151303e-011
2.068890773238742e-002	2.974843e-011
2.069365188115128e-002	2.789737e-011
2.069839602991514e-002	2.595985e-011
2.070292165808390e-002	2.413131e-011
2.070744728625265e-002	2.235948e-011
2.071197291442141e-002	2.064438e-011
2.071649854259016e-002	1.898600e-011
2.072102417075892e-002	1.738435e-011
2.072554979892767e-002	1.583941e-011
2.073007542709643e-002	1.435120e-011
2.073518648950081e-002	1.281770e-011
2.074029755190520e-002	1.140046e-011
2.074540861430959e-002	1.009946e-011
2.075051967671398e-002	8.914710e-012
2.075563073911837e-002	7.846210e-012
2.076074180152275e-002	6.893958e-012
2.076585286392714e-002	6.057955e-012
2.076873260566218e-002	5.628009e-012
2.077161234739722e-002	5.223476e-012
2.077449208913226e-002	4.844355e-012
2.077737183086729e-002	4.490647e-012
2.078025157260233e-002	4.162352e-012
2.078313131433737e-002	3.859469e-012
2.078601105607241e-002	3.581999e-012
2.078774979112175e-002	3.422684e-012
2.078948852617110e-002	3.269795e-012
2.079122726122044e-002	3.123334e-012
2.079296599626979e-002	2.983300e-012
2.079470473131913e-002	2.849693e-012
2.079644346636848e-002	2.722513e-012
2.079818220141782e-002	2.601761e-012
2.079918489392776e-002	2.533815e-012
2.080042315100414e-002	2.452692e-012
2.080077693874024e-002	2.430071e-012
2.080148451421245e-002	2.385232e-012
2.080166140808051e-002	2.374145e-012
2.080201519581661e-002	2.352242e-012
2.080304000006007e-002	2.289567e-012
2.080480420577450e-002	2.186274e-012
2.080656841148893e-002	2.087044e-012
2.080833261720336e-002	1.991877e-012
2.081009682291779e-002	1.900774e-012
2.081186102863222e-002	1.813733e-012
2.081362523434665e-002	1.730756e-012
2.081538944006108e-002	1.651842e-012
2.081850598406155e-002	1.521744e-012
2.082162252806202e-002	1.399092e-012
2.082473907206249e-002	1.283887e-012
2.082785561606297e-002	1.176130e-012
2.083097216006344e-002	1.075819e-012
2.083408870406391e-002	9.829543e-013
2.083720524806438e-002	8.975370e-013
2.084038991146914e-002	8.148426e-013
2.084357457487390e-002	7.358589e-013
2.084675923827866e-002	6.605860e-013
2.084994390168342e-002	5.890238e-013
2.085312856508818e-002	5.211724e-013
2.085631322849294e-002	4.570317e-013
2.085949789189770e-002	3.966018e-013
2.086224049099183e-002	3.460429e-013
2.086498309008596e-002	2.968014e-013
2.086772568918009e-002	2.488773e-013
2.087046828827422e-002	2.022707e-013
2.087321088736835e-002	1.569816e-013
2.087595348646248e-002	1.130099e-013
2.087869608555661e-002	7.035576e-014
2.088014795488781e-002	4.803185e-014
2.088159982421901e-002	2.592981e-014
2.088305169355020e-002	4.049621e-015
2.088450356288140e-002	-1.760870e-014
2.088595543221260e-002	-3.904517e-014
2.088740730154380e-002	-6.025977e-014
2.088885917087500e-002	-8.125252e-014
2.089312054401994e-002	-1.415560e-013
2.089738191716489e-002	-2.008178e-013
2.090164329030983e-002	-2.590379e-013
2.090590466345477e-002	-3.162165e-013
2.091016603659972e-002	-3.723534e-013
2.091442740974466e-002	-4.274487e-013
2.091868878288961e-002	-4.815024e-013
2.094611561367628e-002	-8.157541e-013
2.097354244446296e-002	-1.133385e-012
2.100096927524963e-002	-1.434394e-012
2.102839610603631e-002	-1.718782e-012
2.105582293682299e-002	-1.986548e-012
2.108324976760966e-002	-2.237693e-012
2.111067659839634e-002	-2.472218e-012
2.111180520070312e-002	-2.481486e-012
2.114551739772488e-002	-2.742141e-012
2.117922959474665e-002	-2.979520e-012
2.121294179176842e-002	-3.193623e-012
2.124665398879018e-002	-3.384449e-012
2.128036618581195e-002	-3.551999e-012
2.131407838283372e-002	-3.696273e-012
2.134779057985548e-002	-3.817271e-012
2.138788827121171e-002	-3.936105e-012
2.142798596256793e-002	-4.038092e-012
2.146808365392416e-002	-4.123233e-012
2.150818134528038e-002	-4.191527e-012
2.154827903663660e-002	-4.242976e-012
2.158837672799283e-002	-4.277578e-012
2.162847441934905e-002	-4.295334e-012
2.168087741655203e-002	-4.305411e-012
2.173328041375501e-002	-4.309987e-012
2.178568341095798e-002	-4.309061e-012
2.183808640816096e-002	-4.302633e-012
2.189048940536394e-002	-4.290704e-012
2.194289240256692e-002	-4.273274e-012
2.199529539976989e-002	-4.250342e-012
2.201623684809727e-002	-4.243596e-012
2.206745386202208e-002	-4.222286e-012
2.211867087594688e-002	-4.210481e-012
2.216988788987169e-002	-4.208181e-012
2.222110490379649e-002	-4.215386e-012
2.227232191772130e-002	-4.232096e-012
2.232353893164610e-002	-4.258311e-012
2.237475594557090e-002	-4.294032e-012
2.238863634128954e-002	-4.309552e-012
2.240251673700818e-002	-4.327643e-012
2.241639713272682e-002	-4.348306e-012
2.243027752844546e-002	-4.371539e-012
2.244415792416410e-002	-4.397343e-012
2.245803831988274e-002	-4.425718e-012
2.247191871560138e-002	-4.456664e-012
2.247207813491080e-002	-4.457045e-012
2.249261398154615e-002	-4.506873e-012
2.251314982818150e-002	-4.568207e-012
2.253368567481684e-002	-4.641045e-012
2.255422152145219e-002	-4.725389e-012
2.257475736808754e-002	-4.821239e-012
2.259529321472288e-002	-4.928593e-012
2.261582906135823e-002	-5.047453e-012
2.264015989245220e-002	-5.207986e-012
2.266449072354617e-002	-5.401504e-012
2.268882155464014e-002	-5.628007e-012
2.271315238573411e-002	-5.887495e-012
2.273748321682808e-002	-6.179967e-012
2.276181404792205e-002	-6.505425e-012
2.278614487901602e-002	-6.863867e-012
2.280055439570999e-002	-7.102429e-012
2.281496391240396e-002	-7.346228e-012
2.282937342909793e-002	-7.595264e-012
2.284378294579190e-002	-7.849537e-012
2.285819246248587e-002	-8.109047e-012
2.287260197917984e-002	-8.373794e-012
2.288701149587381e-002	-8.643778e-012
2.288767295867503e-002	-8.655515e-012
2.290066139318579e-002	-8.899880e-012
2.291364982769654e-002	-9.109808e-012
2.292663826220730e-002	-9.285300e-012
2.293962669671805e-002	-9.426356e-012
2.295261513122881e-002	-9.532975e-012
2.296560356573956e-002	-9.605158e-012
2.297859200025032e-002	-9.642905e-012
2.299291421581278e-002	-9.585687e-012
2.300723643137523e-002	-9.444477e-012
2.302155864693769e-002	-9.219275e-012
2.303588086250015e-002	-8.910080e-012
2.305020307806261e-002	-8.516894e-012
2.306452529362507e-002	-8.039715e-012
2.307884750918753e-002	-7.478544e-012
2.308792296219855e-002	-7.097552e-012
2.309699841520959e-002	-6.715428e-012
2.310607386822062e-002	-6.332172e-012
2.311514932123164e-002	-5.947783e-012
2.312422477424267e-002	-5.562262e-012
2.313330022725370e-002	-5.175609e-012
2.314237568026473e-002	-4.787823e-012
2.315752861653226e-002	-4.187001e-012
2.317268155279980e-002	-3.638764e-012
2.318783448906733e-002	-3.143112e-012
2.320298742533486e-002	-2.700044e-012
2.321814036160239e-002	-2.309561e-012
2.323329329786992e-002	-1.971663e-012
2.324844623413745e-002	-1.686350e-012
2.325649955852841e-002	-1.552110e-012
2.326455288291937e-002	-1.427185e-012
2.327260620731033e-002	-1.311576e-012
2.328065953170129e-002	-1.205283e-012
2.328871285609225e-002	-1.108305e-012
2.329676618048321e-002	-1.020643e-012
2.330481950487417e-002	-9.422970e-013
2.331142422055806e-002	-8.816790e-013
2.331935859729820e-002	-8.156994e-013
2.332729297403834e-002	-7.543100e-013
2.333522735077848e-002	-6.975108e-013
2.334316172751862e-002	-6.453019e-013
2.335109610425875e-002	-5.976832e-013
2.335903048099889e-002	-5.546547e-013
2.336696485773903e-002	-5.162164e-013
2.337432929575507e-002	-4.830938e-013
2.338169373377110e-002	-4.521163e-013
2.338905817178713e-002	-4.232839e-013
2.339642260980317e-002	-3.965967e-013
2.340378704781921e-002	-3.720546e-013
2.341115148583524e-002	-3.496577e-013
2.341851592385127e-002	-3.294059e-013
2.342572477699726e-002	-3.108855e-013
2.343293363014324e-002	-2.934937e-013
2.344014248328923e-002	-2.772305e-013
2.344735133643521e-002	-2.620961e-013
2.345456018958119e-002	-2.480902e-013
2.346176904272718e-002	-2.352131e-013
2.346897789587316e-002	-2.234646e-013
2.347556086459757e-002	-2.133688e-013
2.348214383332198e-002	-2.038135e-013
2.348872680204639e-002	-1.947985e-013
2.349530977077079e-002	-1.863239e-013
2.350189273949520e-002	-1.783897e-013
2.350847570821961e-002	-1.709959e-013
2.351505867694401e-002	-1.641424e-013
2.352031407561032e-002	-1.589254e-013
2.352556947427663e-002	-1.539246e-013
2.353082487294293e-002	-1.491400e-013
2.353608027160924e-002	-1.445716e-013
2.354133567027554e-002	-1.402193e-013
2.354659106894185e-002	-1.360833e-013
2.355184646760815e-002	-1.321635e-013
2.355618348229717e-002	-1.290353e-013
2.355928134993218e-002	-1.268676e-013
2.356361836462120e-002	-1.239320e-013
2.356733580578321e-002	-1.215008e-013
2.356795537931022e-002	-1.211018e-013
2.356919452636422e-002	-1.203149e-013
2.357167282047223e-002	-1.187569e-013
2.357229239399923e-002	-1.183720e-013
2.357353154105324e-002	-1.176128e-013
2.357600983516125e-002	-1.161145e-013
2.357886823055297e-002	-1.144136e-013
2.358184218348259e-002	-1.127002e-013
2.358679877169861e-002	-1.099145e-013
2.359373799520104e-002	-1.062030e-013
2.360067721870347e-002	-1.026867e-013
2.360819295436204e-002	-9.911916e-014
2.361570869002062e-002	-9.571383e-014
2.362322442567919e-002	-9.247066e-014
2.363074016133776e-002	-8.938965e-014
2.363825589699634e-002	-8.647082e-014
2.364577163265491e-002	-8.371414e-014
2.365328736831349e-002	-8.111963e-014
2.367534058371927e-002	-7.409877e-014
2.368353750035768e-002	-7.172966e-014
2.369173441699610e-002	-6.945907e-014
2.369993133363452e-002	-6.728699e-014
2.370812825027293e-002	-6.521344e-014
2.371632516691135e-002	-6.323841e-014
2.372452208354977e-002	-6.136190e-014
2.373271900018818e-002	-5.958391e-014
2.376006275018818e-002	-5.393623e-014
2.378740650018818e-002	-4.884193e-014
2.381475025018818e-002	-4.423238e-014
2.384209400018818e-002	-4.000891e-014
2.386943775018818e-002	-3.609658e-014
2.391932441102780e-002	-2.953920e-014
2.395760566102780e-002	-2.499871e-014
2.401229316102780e-002	-1.894350e-014
2.406698066102780e-002	-1.331855e-014
2.412166816102779e-002	-8.031183e-015
2.415565049266058e-002	-4.915859e-015
2.418963282429336e-002	-1.879864e-015
2.422361515592614e-002	1.076802e-015
2.425759748755892e-002	3.954138e-015
2.429157981919170e-002	6.752146e-015
2.432556215082448e-002	9.470825e-015
2.435954448245726e-002	1.211017e-014
2.443180806409004e-002	1.748948e-014
2.450407164572282e-002	2.267655e-014
2.457633522735560e-002	2.767136e-014
2.464859880898838e-002	3.247393e-014
2.472086239062116e-002	3.708426e-014
2.479312597225394e-002	4.150233e-014
2.486538955388672e-002	4.572816e-014
2.502169331409092e-002	5.438018e-014
2.517799707429513e-002	6.266580e-014
2.533430083449933e-002	7.058502e-014
2.549060459470353e-002	7.813783e-014
2.564690835490774e-002	8.532423e-014
2.580321211511194e-002	9.214422e-014
2.595951587531614e-002	9.859781e-014
2.621649132174470e-002	1.089273e-013
2.647346676817326e-002	1.185293e-013
2.673044221460181e-002	1.274040e-013
2.698741766103037e-002	1.355512e-013
2.724439310745893e-002	1.429710e-013
2.750136855388748e-002	1.496634e-013
2.775834400031604e-002	1.556283e-013
2.799969070009481e-002	1.603479e-013
2.800000000000000e-002	1.603534e-013
